ClbWaveGap	ClbWavePhase	ClbPhaseMode	ClbWaveTaper	ClbWaveTemperature	ClbXpos	ClbZpos	ClbUndCenter	ClbWaveBx	ClbDeltaBx	ClbWaveBz	ClbDeltaBz	ClbPhaseError	ClbPeaksBxTaper	ClbPeaksBzTaper	ClbWaveIx	ClbWaveIz	ClbWaveI2x	ClbWaveI2z	ClbFundEng	ClbLambdaL	ClbWaveMultiVDip	ClbWaveVQuad	ClbWaveVSex	ClbWaveVOct	ClbWaveMultiHDip	ClbWaveHQuad	ClbWaveHSex	ClbWaveHOct	ClbWaveCoilI1	ClbWaveCoilI2	ClbWaveCoilI3	ClbWaveCoilI4	ClbOutFileInt	ClbOutFileFld	ClbPhaseIntegral
200.00	0	0	0.000	23	-5	-1	0.847302	0.002848	0.3794	0.783168	0.0082	5.04	2.92	-10.16	-0.182	-0.127	-0.074	-0.070	1678.672	7.3883e-10	-12.94	17.40	-64.84	-1.2e+02	-12.95	41.69	267.40	-2.9e+02	1.5428	-0.0422	0.5590	0.0857	1991d-TPF-UFCM_20200508-int0.txt	1991d-TPF-UFCM_20200508-fld0.txt	2197.222
200.00	1	0	0.000	23	-5	-1	0.847025	0.004351	0.2480	0.780152	0.0127	5.14	1.96	-11.49	-0.186	-0.127	-0.075	-0.128	1679.558	7.3835e-10	-12.41	19.12	-61.47	-1.4e+02	-13.12	41.65	267.01	-2.9e+02	1.7879	-0.2568	0.3381	0.3275	1991d-TPF-UFCM_20200508-int0.txt	1991d-TPF-UFCM_20200508-fld0.txt	2194.715
200.00	2	0	0.000	23	-5	-1	0.846752	0.005509	0.1959	0.770037	0.0125	5.28	1.33	-20.34	-0.190	-0.136	-0.073	-0.084	1712.063	7.2438e-10	-13.63	17.22	-69.14	-1.3e+02	-13.85	41.31	267.22	-2.7e+02	1.6558	-0.1123	0.5683	0.1326	1991d-TPF-UFCM_20200508-int0.txt	1991d-TPF-UFCM_20200508-fld0.txt	2122.040
200.00	3	0	0.000	23	-5	-1	0.84649	0.006274	0.1724	0.750464	0.0120	5.35	0.81	-5.51	-0.226	-0.114	-0.068	-0.113	1776.447	6.9810e-10	-11.37	15.52	-64.29	-1.2e+02	-17.14	42.45	266.96	-2.7e+02	1.7733	-0.0481	0.4856	0.4533	1991d-TPF-UFCM_20200508-int0.txt	1991d-TPF-UFCM_20200508-fld0.txt	1985.097
200.00	4	0	0.000	23	-5	-1	0.846258	0.006482	0.1662	0.710530	0.0112	5.28	0.24	-6.04	-0.197	-0.129	-0.063	-0.141	1874.066	6.6173e-10	-12.62	16.97	-58.57	-1.3e+02	-14.46	43.72	257.36	-2.7e+02	1.8459	-0.3177	0.3607	0.4371	1991d-TPF-UFCM_20200508-int0.txt	1991d-TPF-UFCM_20200508-fld0.txt	1795.403
200.00	5	0	0.000	23	-5	-1	0.846066	0.006140	0.1753	0.663601	0.0109	5.42	-0.21	-9.75	-0.191	-0.125	-0.059	-0.093	2006.406	6.1826e-10	-12.41	18.26	-62.58	-1.3e+02	-13.89	45.41	263.64	-2.6e+02	1.6094	-0.1438	0.5331	0.2525	1991d-TPF-UFCM_20200508-int0.txt	1991d-TPF-UFCM_20200508-fld0.txt	1568.219
200.00	6	0	0.000	23	-5	-1	0.845927	0.005143	0.2095	0.609948	0.0108	5.70	-0.53	-11.19	-0.247	-0.088	-0.051	-0.166	2172.457	5.7103e-10	-8.65	17.41	-59.53	-1.3e+02	-19.57	46.61	264.19	-2.7e+02	1.8897	-0.1402	0.2800	0.8865	1991d-TPF-UFCM_20200508-int0.txt	1991d-TPF-UFCM_20200508-fld0.txt	1321.384
200.00	7	0	0.000	23	-5	-1	0.845869	0.003346	0.3202	0.551102	0.0112	6.11	-0.55	-11.07	-0.238	-0.087	-0.048	-0.106	2367.181	5.2426e-10	-8.51	17.91	-63.41	-1.2e+02	-18.41	49.76	259.99	-3e+02	1.6139	0.0638	0.4963	0.6316	1991d-TPF-UFCM_20200508-int0.txt	1991d-TPF-UFCM_20200508-fld0.txt	1076.774
200.00	8	0	0.000	23	-5	-1	0.845924	0.001001	0.7407	0.490479	0.0128	6.88	-1.33	-10.21	-0.226	-0.084	-0.044	-0.173	2574.168	4.8213e-10	-8.37	16.67	-59.52	-1.2e+02	-17.51	48.99	262.25	-2.8e+02	1.8193	-0.2371	0.1919	0.8878	1991d-TPF-UFCM_20200508-int0.txt	1991d-TPF-UFCM_20200508-fld0.txt	856.174
200.00	9	0	0.000	23	-5	-1	0.84613	0.003067	0.3573	0.434743	0.0162	7.66	0.17	-9.12	-0.242	-0.076	-0.049	-0.116	2769.935	4.4820e-10	-7.35	16.54	-65.98	-1.1e+02	-18.88	44.63	262.96	-2.7e+02	1.6207	0.0870	0.4163	0.7224	1991d-TPF-UFCM_20200508-int0.txt	1991d-TPF-UFCM_20200508-fld0.txt	678.193
200.00	10	0	0.000	23	-5	-1	0.846517	0.007523	0.1484	0.394183	0.0198	8.54	-0.35	-15.31	-0.203	-0.075	-0.063	-0.138	2918.804	4.2537e-10	-7.49	18.95	-63.68	-1.2e+02	-15.12	42.31	263.55	-2.7e+02	1.6323	-0.0703	0.1741	0.6596	1991d-TPF-UFCM_20200508-int0.txt	1991d-TPF-UFCM_20200508-fld0.txt	557.941
200.00	11	0	0.000	23	-5	-1	0.847082	0.011679	0.0960	0.370345	0.0227	9.07	-0.74	-26.71	-0.188	-0.061	-0.090	-0.133	2986.169	4.1579e-10	-6.01	19.38	-63.38	-1.2e+02	-13.68	38.40	265.82	-2.6e+02	1.5887	0.0374	0.0121	0.5794	1991d-TPF-UFCM_20200508-int0.txt	1991d-TPF-UFCM_20200508-fld0.txt	506.674
200.00	0	0	0.000	23	0	-1	0.8472	0.007021	0.1386	0.785742	0.0084	5.06	-2.08	-18.68	-0.023	-0.192	0.060	0.136	1670.267	7.4264e-10	-18.72	-2.83	68.42	-12	-1.27	-86.62	-37.67	6.8e+02	0.1330	-0.3428	1.5559	-1.0750	1991d-TPF-UFCM_20200508-int0.txt	1991d-TPF-UFCM_20200508-fld0.txt	2217.947
200.00	1	0	0.000	23	0	-1	0.846919	0.008460	0.1147	0.784206	0.0130	5.07	-2.66	-19.02	-0.014	-0.178	0.061	0.132	1671.552	7.4204e-10	-17.47	0.23	71.30	-39	-0.68	-85.36	-42.49	6.7e+02	0.0629	-0.3306	1.4601	-1.0261	1991d-TPF-UFCM_20200508-int0.txt	1991d-TPF-UFCM_20200508-fld0.txt	2215.032
200.00	2	0	0.000	23	0	-1	0.84664	0.009802	0.0990	0.775589	0.0128	5.12	-3.27	-26.03	-0.022	-0.198	0.068	0.068	1704.151	7.2779e-10	-19.48	1.62	71.14	-58	-1.25	-86.06	-45.03	6.9e+02	0.4027	-0.6660	1.3370	-0.8113	1991d-TPF-UFCM_20200508-int0.txt	1991d-TPF-UFCM_20200508-fld0.txt	2140.812
200.00	3	0	0.000	23	0	-1	0.846376	0.010907	0.0885	0.751209	0.0118	5.04	-3.50	-5.47	-0.055	-0.174	0.066	0.074	1769.393	7.0100e-10	-17.18	0.14	72.52	-30	-4.63	-86.60	-36.12	7e+02	0.3843	-0.4394	1.3544	-0.6494	1991d-TPF-UFCM_20200508-int0.txt	1991d-TPF-UFCM_20200508-fld0.txt	2001.107
200.00	4	0	0.000	23	0	-1	0.846141	0.011706	0.0821	0.712160	0.0114	4.97	-4.04	-10.58	-0.027	-0.180	0.073	0.081	1868.084	6.6401e-10	-17.82	-0.34	70.53	-30	-1.77	-83.17	-34.59	6.7e+02	0.2803	-0.5397	1.3436	-0.7634	1991d-TPF-UFCM_20200508-int0.txt	1991d-TPF-UFCM_20200508-fld0.txt	1808.085
200.00	5	0	0.000	23	0	-1	0.845944	0.012236	0.0782	0.665999	0.0111	5.12	-4.40	-12.82	-0.009	-0.182	0.075	0.082	2001.690	6.1980e-10	-17.97	-1.57	75.60	-14	0.26	-82.16	-41.00	6.8e+02	0.2204	-0.6015	1.3089	-0.8222	1991d-TPF-UFCM_20200508-int0.txt	1991d-TPF-UFCM_20200508-fld0.txt	1577.041
200.00	6	0	0.000	23	0	-1	0.8458	0.012421	0.0767	0.612519	0.0110	5.44	-4.54	-12.74	-0.060	-0.152	0.081	0.064	2170.552	5.7173e-10	-14.73	-2.82	75.35	-18	-5.03	-83.06	-45.09	6.9e+02	0.3075	-0.4212	1.2804	-0.4640	1991d-TPF-UFCM_20200508-int0.txt	1991d-TPF-UFCM_20200508-fld0.txt	1325.651
200.00	7	0	0.000	23	0	-1	0.845738	0.012125	0.0780	0.553077	0.0113	5.92	-4.53	-11.62	-0.049	-0.145	0.085	0.057	2368.138	5.2417e-10	-13.92	1.21	77.30	-42	-3.93	-80.59	-34.29	6.7e+02	0.2606	-0.4635	1.2039	-0.4257	1991d-TPF-UFCM_20200508-int0.txt	1991d-TPF-UFCM_20200508-fld0.txt	1076.765
200.00	8	0	0.000	23	0	-1	0.845791	0.011196	0.0836	0.490977	0.0128	6.65	-4.22	-9.75	-0.041	-0.144	0.086	0.064	2579.806	4.8128e-10	-13.85	-0.69	70.43	-31	-3.13	-85.58	-41.01	7.2e+02	0.2022	-0.4550	1.2054	-0.4659	1991d-TPF-UFCM_20200508-int0.txt	1991d-TPF-UFCM_20200508-fld0.txt	852.103
200.00	9	0	0.000	23	0	-1	0.845998	0.009502	0.0977	0.433018	0.0162	7.59	-3.57	-8.77	-0.062	-0.141	0.083	0.031	2779.738	4.4676e-10	-13.42	-0.89	74.25	-40	-5.45	-85.87	-43.86	7e+02	0.3878	-0.5041	1.1186	-0.2728	1991d-TPF-UFCM_20200508-int0.txt	1991d-TPF-UFCM_20200508-fld0.txt	670.888
200.00	10	0	0.000	23	0	-1	0.84639	0.006994	0.1329	0.390487	0.0207	8.28	-2.65	-10.94	-0.039	-0.132	0.064	0.072	2933.058	4.2349e-10	-12.70	-2.39	65.54	-29	-2.96	-88.54	-42.80	7e+02	0.1795	-0.3207	1.1229	-0.5230	1991d-TPF-UFCM_20200508-int0.txt	1991d-TPF-UFCM_20200508-fld0.txt	548.229
200.00	11	0	0.000	23	0	-1	0.846965	0.003752	0.2491	0.367121	0.0232	8.97	-1.71	-25.52	-0.041	-0.120	0.037	0.034	3002.342	4.1373e-10	-11.20	-2.19	66.78	-34	-3.06	-91.51	-43.80	7e+02	0.3673	-0.3379	0.8475	-0.3919	1991d-TPF-UFCM_20200508-int0.txt	1991d-TPF-UFCM_20200508-fld0.txt	495.940
200.00	0	0	0.000	23	5	-1	0.847178	0.010856	0.1151	0.782631	0.0088	4.67	-2.25	-17.48	-0.091	-0.142	0.380	0.114	1675.377	7.3993e-10	-14.06	-6.46	-70.41	-38	-9.37	51.33	94.26	-1.7e+02	-0.7061	-0.9528	2.3942	0.3328	1991d-TPF-UFCM_20200508-int0.txt	1991d-TPF-UFCM_20200508-fld0.txt	2203.759
200.00	1	0	0.000	23	5	-1	0.846899	0.012372	0.1018	0.781471	0.0134	4.67	-2.79	-16.25	-0.085	-0.127	0.382	0.101	1676.491	7.3940e-10	-12.50	-7.18	-72.94	-44	-8.52	54.69	89.12	-2.1e+02	-0.7359	-0.9660	2.2654	0.4369	1991d-TPF-UFCM_20200508-int0.txt	1991d-TPF-UFCM_20200508-fld0.txt	2201.170
200.00	2	0	0.000	23	5	-1	0.846622	0.014013	0.0908	0.773281	0.0132	4.64	-3.31	-21.91	-0.088	-0.149	0.385	0.045	1708.784	7.2538e-10	-14.84	-8.97	-67.02	-25	-9.14	52.94	90.37	-1.9e+02	-0.4220	-1.2781	2.1529	0.5897	1991d-TPF-UFCM_20200508-int0.txt	1991d-TPF-UFCM_20200508-fld0.txt	2128.091
200.00	3	0	0.000	23	5	-1	0.84636	0.015592	0.0821	0.748488	0.0122	4.67	-3.49	-3.21	-0.116	-0.116	0.389	0.100	1773.449	6.9901e-10	-11.52	-6.84	-76.45	-31	-11.72	52.79	85.90	-1.7e+02	-0.7039	-0.8548	2.3320	0.5958	1991d-TPF-UFCM_20200508-int0.txt	1991d-TPF-UFCM_20200508-fld0.txt	1990.543
200.00	4	0	0.000	23	5	-1	0.846127	0.017082	0.0753	0.710089	0.0119	4.44	-4.13	-7.60	-0.084	-0.132	0.392	0.024	1871.001	6.6251e-10	-13.04	-8.79	-73.85	-28	-8.32	54.06	89.14	-1.8e+02	-0.4439	-1.3253	2.0120	0.7494	1991d-TPF-UFCM_20200508-int0.txt	1991d-TPF-UFCM_20200508-fld0.txt	1800.108
200.00	5	0	0.000	23	5	-1	0.845932	0.018559	0.0695	0.664591	0.0116	4.59	-4.68	-9.29	-0.060	-0.129	0.395	0.081	2003.123	6.1891e-10	-12.60	-8.68	-76.05	-12	-6.17	54.44	92.29	-1.8e+02	-0.7640	-1.1636	2.1628	0.4715	1991d-TPF-UFCM_20200508-int0.txt	1991d-TPF-UFCM_20200508-fld0.txt	1572.179
200.00	6	0	0.000	23	5	-1	0.845791	0.019970	0.0645	0.611769	0.0115	4.75	-5.09	-8.87	-0.107	-0.095	0.404	0.017	2169.949	5.7147e-10	-9.51	-6.29	-74.89	-43	-11.09	56.03	84.73	-1.9e+02	-0.5315	-1.1658	1.9346	1.0267	1991d-TPF-UFCM_20200508-int0.txt	1991d-TPF-UFCM_20200508-fld0.txt	1324.017
200.00	7	0	0.000	23	5	-1	0.84573	0.021186	0.0605	0.553093	0.0118	5.12	-5.35	-7.46	-0.088	-0.083	0.406	0.060	2364.345	5.2459e-10	-8.22	-8.15	-77.66	-40	-9.00	56.16	81.32	-2e+02	-0.8159	-1.0083	2.0023	0.8546	1991d-TPF-UFCM_20200508-int0.txt	1991d-TPF-UFCM_20200508-fld0.txt	1078.752
200.00	8	0	0.000	23	5	-1	0.845784	0.022021	0.0574	0.491936	0.0132	5.66	-5.33	-5.85	-0.095	-0.094	0.408	0.015	2571.644	4.8238e-10	-9.49	-11.25	-76.70	-27	-9.57	54.50	85.51	-1.8e+02	-0.5751	-1.2204	1.9002	1.0133	1991d-TPF-UFCM_20200508-int0.txt	1991d-TPF-UFCM_20200508-fld0.txt	857.657
200.00	9	0	0.000	23	5	-1	0.84599	0.022229	0.0559	0.434665	0.0163	6.52	-4.87	-5.19	-0.138	-0.090	0.402	0.052	2768.331	4.4826e-10	-8.96	-10.03	-77.28	-46	-13.70	49.81	94.78	-1.5e+02	-0.5984	-0.9113	2.1364	0.9956	1991d-TPF-UFCM_20200508-int0.txt	1991d-TPF-UFCM_20200508-fld0.txt	678.549
200.00	10	0	0.000	23	5	-1	0.846377	0.021520	0.0570	0.392692	0.0206	7.00	-3.87	-7.58	-0.125	-0.091	0.386	0.002	2918.234	4.2527e-10	-9.18	-10.84	-78.66	-52	-12.35	48.57	93.97	-1.8e+02	-0.3833	-1.1040	1.8626	1.1029	1991d-TPF-UFCM_20200508-int0.txt	1991d-TPF-UFCM_20200508-fld0.txt	557.478
200.00	11	0	0.000	23	5	-1	0.84694	0.019062	0.0648	0.369806	0.0229	7.69	-3.04	-22.03	-0.137	-0.078	0.358	0.056	2986.838	4.1559e-10	-7.78	-10.00	-76.84	-72	-13.74	45.86	94.29	-1.7e+02	-0.5366	-0.7255	1.9753	0.8974	1991d-TPF-UFCM_20200508-int0.txt	1991d-TPF-UFCM_20200508-fld0.txt	505.686
200.00	0	0	0.000	23	12	-1	0.847202	0.037259	0.0817	0.702113	0.0100	8.15	7.87	1.36	-0.261	-0.318	1.185	-0.118	1868.983	6.5984e-10	-34.28	-16.91	295.02	1.1e+03	-8.80	240.66	-460.61	-5.2e+03	-0.8913	-4.4065	5.0095	3.3688	1991d-TPF-UFCM_20200508-int0.txt	1991d-TPF-UFCM_20200508-fld0.txt	1793.156
200.00	1	0	0.000	23	12	-1	0.846917	0.040364	0.0752	0.698459	0.0142	8.17	4.82	5.39	-0.259	-0.307	1.187	-0.136	1875.631	6.5746e-10	-33.49	-19.18	286.58	1.1e+03	-8.82	235.68	-459.11	-5.1e+03	-0.8765	-4.4453	4.8958	3.4828	1991d-TPF-UFCM_20200508-int0.txt	1991d-TPF-UFCM_20200508-fld0.txt	1780.658
200.00	2	0	0.000	23	12	-1	0.846635	0.044700	0.0676	0.688065	0.0141	8.99	4.08	1.57	-0.261	-0.325	1.191	-0.079	1914.442	6.4417e-10	-34.94	-15.09	286.19	1.1e+03	-8.63	232.26	-448.43	-5e+03	-1.0404	-4.2980	5.2114	3.2021	1991d-TPF-UFCM_20200508-int0.txt	1991d-TPF-UFCM_20200508-fld0.txt	1711.297
200.00	3	0	0.000	23	12	-1	0.84637	0.049850	0.0605	0.663073	0.0134	9.19	3.25	10.25	-0.285	-0.285	1.196	-0.075	1985.508	6.2116e-10	-31.18	-14.77	278.56	1.1e+03	-11.40	236.64	-441.23	-5.1e+03	-1.1575	-4.0633	5.1463	3.4367	1991d-TPF-UFCM_20200508-int0.txt	1991d-TPF-UFCM_20200508-fld0.txt	1590.944
200.00	4	0	0.000	23	12	-1	0.846136	0.055895	0.0536	0.625148	0.0131	9.15	2.36	8.96	-0.241	-0.304	1.203	-0.129	2087.115	5.9055e-10	-33.26	-16.91	275.76	1.1e+03	-6.69	242.59	-452.31	-5.1e+03	-1.0156	-4.5061	4.9010	3.4587	1991d-TPF-UFCM_20200508-int0.txt	1991d-TPF-UFCM_20200508-fld0.txt	1431.006
200.00	5	0	0.000	23	12	-1	0.845943	0.063250	0.0470	0.581071	0.0128	9.19	1.14	9.83	-0.209	-0.301	1.208	-0.137	2219.935	5.5502e-10	-32.43	-13.91	282.09	1.1e+03	-3.69	237.22	-467.31	-5.1e+03	-1.1033	-4.6353	4.7751	3.4263	1991d-TPF-UFCM_20200508-int0.txt	1991d-TPF-UFCM_20200508-fld0.txt	1245.007
200.00	6	0	0.000	23	12	-1	0.845808	0.071990	0.0411	0.530662	0.0128	9.32	-0.56	11.77	-0.267	-0.286	1.209	-0.126	2383.521	5.1704e-10	-30.87	-18.69	282.75	1.1e+03	-9.34	245.93	-428.96	-5.1e+03	-1.0441	-4.3606	4.9336	3.6171	1991d-TPF-UFCM_20200508-int0.txt	1991d-TPF-UFCM_20200508-fld0.txt	1046.133
200.00	7	0	0.000	23	12	-1	0.845762	0.081941	0.0360	0.475522	0.0133	9.78	-2.08	13.10	-0.254	-0.283	1.214	-0.095	2565.929	4.8024e-10	-30.66	-19.85	277.07	1e+03	-7.87	245.27	-441.80	-5.1e+03	-1.2299	-4.2833	5.0217	3.4824	1991d-TPF-UFCM_20200508-int0.txt	1991d-TPF-UFCM_20200508-fld0.txt	853.302
200.00	8	0	0.000	23	12	-1	0.845843	0.092608	0.0318	0.419086	0.0149	9.66	-3.54	13.05	-0.270	-0.298	1.209	-0.104	2751.699	4.4778e-10	-32.26	-21.04	278.31	1.1e+03	-9.97	239.45	-434.69	-5.1e+03	-1.0764	-4.3130	5.0788	3.4881	1991d-TPF-UFCM_20200508-int0.txt	1991d-TPF-UFCM_20200508-fld0.txt	683.043
200.00	9	0	0.000	23	12	-1	0.846092	0.102958	0.0284	0.368324	0.0184	9.65	-3.67	9.01	-0.329	-0.294	1.199	-0.126	2917.231	4.2245e-10	-32.12	-20.89	281.54	1.1e+03	-15.54	240.54	-416.25	-5.1e+03	-0.7984	-4.1864	5.1228	3.7376	1991d-TPF-UFCM_20200508-int0.txt	1991d-TPF-UFCM_20200508-fld0.txt	549.964
200.00	10	0	0.000	23	12	-1	0.846544	0.110632	0.0257	0.333745	0.0220	10.40	-1.68	-1.19	-0.323	-0.291	1.182	-0.120	3032.806	4.0638e-10	-31.74	-17.23	276.28	1.1e+03	-14.98	236.95	-450.78	-5.1e+03	-0.8039	-4.1138	5.0646	3.6560	1991d-TPF-UFCM_20200508-int0.txt	1991d-TPF-UFCM_20200508-fld0.txt	465.209
200.00	11	0	0.000	23	12	-1	0.847167	0.108555	0.0260	0.318084	0.0244	10.67	2.07	-17.38	-0.353	-0.284	1.152	-0.097	3074.925	4.0104e-10	-31.30	-21.29	280.79	1.1e+03	-17.98	234.83	-450.19	-5.1e+03	-0.7462	-3.8258	5.1309	3.6002	1991d-TPF-UFCM_20200508-int0.txt	1991d-TPF-UFCM_20200508-fld0.txt	436.319
200.00	0	0	0.000	23	-12	-1	0.847444	0.056919	0.0449	0.693914	0.0097	6.17	-23.86	-10.39	0.015	-0.204	0.368	-0.167	1911.934	6.4829e-10	-19.54	-64.69	202.99	74	7.61	-167.47	283.14	1.3e+03	0.3851	-2.5966	1.1803	0.8543	1991d-TPF-UFCM_20200508-int0.txt	1991d-TPF-UFCM_20200508-fld0.txt	1723.008
200.00	1	0	0.000	23	-12	-1	0.847149	0.057061	0.0444	0.684419	0.0138	6.36	-20.83	-12.10	0.002	-0.192	0.367	-0.154	1924.985	6.4393e-10	-18.36	-66.38	204.85	78	6.41	-164.79	283.09	1.3e+03	0.3234	-2.4578	1.2175	0.8895	1991d-TPF-UFCM_20200508-int0.txt	1991d-TPF-UFCM_20200508-fld0.txt	1700.294
200.00	2	0	0.000	23	-12	-1	0.846863	0.058468	0.0428	0.668908	0.0136	6.60	-19.29	-19.08	-0.012	-0.208	0.369	-0.160	1969.708	6.2927e-10	-20.07	-64.24	198.58	74	5.05	-165.58	279.96	1.3e+03	0.4496	-2.5102	1.3070	0.8900	1991d-TPF-UFCM_20200508-int0.txt	1991d-TPF-UFCM_20200508-fld0.txt	1624.020
200.00	3	0	0.000	23	-12	-1	0.846592	0.061185	0.0405	0.646244	0.0135	6.96	-17.57	-25.11	-0.060	-0.185	0.373	-0.116	2047.157	6.0554e-10	-17.67	-61.13	194.20	74	0.26	-161.99	289.18	1.3e+03	0.3109	-2.1111	1.5455	0.9594	1991d-TPF-UFCM_20200508-int0.txt	1991d-TPF-UFCM_20200508-fld0.txt	1500.279
200.00	4	0	0.000	23	-12	-1	0.84635	0.064557	0.0377	0.608187	0.0127	6.81	-14.86	-8.35	-0.057	-0.203	0.380	-0.168	2156.799	5.7470e-10	-19.40	-60.31	205.89	63	0.37	-157.94	303.06	1.2e+03	0.5598	-2.4175	1.4244	1.1098	1991d-TPF-UFCM_20200508-int0.txt	1991d-TPF-UFCM_20200508-fld0.txt	1339.657
200.00	5	0	0.000	23	-12	-1	0.846155	0.069221	0.0348	0.560524	0.0125	6.78	-13.20	-9.56	-0.064	-0.213	0.381	-0.119	2298.628	5.3934e-10	-20.49	-57.27	196.71	62	-0.21	-154.58	309.35	1.2e+03	0.4221	-2.2486	1.6790	0.8976	1991d-TPF-UFCM_20200508-int0.txt	1991d-TPF-UFCM_20200508-fld0.txt	1155.041
200.00	6	0	0.000	23	-12	-1	0.846024	0.075842	0.0315	0.507712	0.0127	6.94	-12.21	-9.50	-0.124	-0.173	0.388	-0.130	2469.127	5.0220e-10	-16.67	-52.55	199.20	34	-6.20	-157.78	309.14	1.2e+03	0.4621	-1.9724	1.6707	1.3018	1991d-TPF-UFCM_20200508-int0.txt	1991d-TPF-UFCM_20200508-fld0.txt	961.057
200.00	7	0	0.000	23	-12	-1	0.845986	0.084657	0.0282	0.451474	0.0136	7.23	-10.87	-8.06	-0.121	-0.188	0.396	-0.176	2657.533	4.6659e-10	-17.98	-53.48	196.84	71	-6.08	-155.58	316.67	1.2e+03	0.6730	-2.2482	1.5600	1.4379	1991d-TPF-UFCM_20200508-int0.txt	1991d-TPF-UFCM_20200508-fld0.txt	775.125
200.00	8	0	0.000	23	-12	-1	0.846083	0.095714	0.0251	0.395701	0.0163	7.56	-10.19	-6.54	-0.108	-0.187	0.402	-0.157	2846.008	4.3575e-10	-18.19	-53.06	205.48	72	-5.29	-152.91	327.58	1.1e+03	0.5408	-2.2238	1.6165	1.3406	1991d-TPF-UFCM_20200508-int0.txt	1991d-TPF-UFCM_20200508-fld0.txt	613.759
200.00	9	0	0.000	23	-12	-1	0.846366	0.108677	0.0226	0.347833	0.0210	8.05	-8.87	-6.14	-0.106	-0.180	0.399	-0.133	3008.861	4.1223e-10	-17.61	-51.18	199.90	54	-4.72	-159.24	325.30	1.2e+03	0.4176	-2.0959	1.6686	1.2630	1991d-TPF-UFCM_20200508-int0.txt	1991d-TPF-UFCM_20200508-fld0.txt	490.370
200.00	10	0	0.000	23	-12	-1	0.846879	0.118853	0.0210	0.311726	0.0255	8.72	-9.81	-16.82	-0.056	-0.185	0.387	-0.155	3116.427	3.9798e-10	-18.09	-52.27	198.74	71	0.23	-154.17	320.44	1.1e+03	0.4128	-2.3164	1.4183	1.1460	1991d-TPF-UFCM_20200508-int0.txt	1991d-TPF-UFCM_20200508-fld0.txt	415.361
200.00	11	0	0.000	23	-12	-1	0.847548	0.122651	0.0212	0.303547	0.0278	9.20	-9.44	-25.14	-0.013	-0.175	0.370	-0.168	3144.734	3.9438e-10	-17.07	-54.54	205.86	86	4.89	-160.56	310.48	1.2e+03	0.3464	-2.4034	1.1515	1.0634	1991d-TPF-UFCM_20200508-int0.txt	1991d-TPF-UFCM_20200508-fld0.txt	395.784
200.00	0	0	0.000	23	5	0	0.847227	0.008216	0.1410	0.707126	0.0082	2.65	-0.66	-2.40	-0.124	-0.176	0.386	0.060	1881.582	6.5846e-10	-17.74	-12.96	6.86	29	-12.06	80.91	39.43	-6.8e+02	-0.2707	-1.2270	2.4301	0.5235	1991d-TPF-UFCM_20200508-int0.txt	1991d-TPF-UFCM_20200508-fld0.txt	1781.297
200.00	1	0	0.000	23	5	0	0.846823	0.009941	0.1174	0.705773	0.0128	2.85	-2.21	-6.33	-0.097	-0.184	0.393	0.062	1882.584	6.5802e-10	-18.13	-13.16	10.12	51	-9.53	80.28	40.93	-6.7e+02	-0.3506	-1.3455	2.4136	0.4301	1991d-TPF-UFCM_20200508-int0.txt	1991d-TPF-UFCM_20200508-fld0.txt	1779.275
200.00	2	0	0.000	23	5	0	0.846413	0.011635	0.1013	0.695349	0.0126	3.01	-2.68	4.34	-0.115	-0.166	0.394	-0.029	1923.102	6.4409e-10	-16.41	-14.49	5.46	50	-11.28	78.49	42.41	-6.6e+02	-0.0086	-1.5860	2.0286	0.9195	1991d-TPF-UFCM_20200508-int0.txt	1991d-TPF-UFCM_20200508-fld0.txt	1706.682
200.00	3	0	0.000	23	5	0	0.846014	0.013092	0.0907	0.662961	0.0121	3.19	-3.43	-5.67	-0.089	-0.137	0.395	-0.001	2004.949	6.1780e-10	-13.55	-16.08	-2.65	57	-8.58	80.90	38.11	-6.8e+02	-0.3184	-1.4337	1.9534	0.8505	1991d-TPF-UFCM_20200508-int0.txt	1991d-TPF-UFCM_20200508-fld0.txt	1569.652
200.00	4	0	0.000	23	5	0	0.845629	0.014568	0.0822	0.625628	0.0122	3.23	-4.29	-12.08	-0.074	-0.153	0.399	-0.069	2129.910	5.8145e-10	-15.15	-14.00	2.99	34	-7.26	76.71	37.17	-6.4e+02	-0.0371	-1.8279	1.7162	1.0246	1991d-TPF-UFCM_20200508-int0.txt	1991d-TPF-UFCM_20200508-fld0.txt	1380.060
200.00	5	0	0.000	23	5	0	0.845265	0.015786	0.0760	0.569818	0.0111	3.03	-4.52	2.14	-0.084	-0.131	0.400	-0.050	2302.749	5.3791e-10	-12.61	-14.96	2.03	35	-8.12	80.44	42.84	-6.7e+02	-0.1815	-1.6350	1.7346	1.0700	1991d-TPF-UFCM_20200508-int0.txt	1991d-TPF-UFCM_20200508-fld0.txt	1152.571
200.00	6	0	0.000	23	5	0	0.844942	0.016897	0.0710	0.503075	0.0109	2.54	-5.04	-0.76	-0.076	-0.121	0.407	-0.104	2524.713	4.9066e-10	-11.67	-15.00	7.43	31	-7.41	82.03	41.70	-6.7e+02	-0.0483	-1.8557	1.4746	1.3241	1991d-TPF-UFCM_20200508-int0.txt	1991d-TPF-UFCM_20200508-fld0.txt	905.478
200.00	7	0	0.000	23	5	0	0.844682	0.018036	0.0662	0.430520	0.0116	2.31	-5.49	-2.11	-0.070	-0.109	0.414	-0.059	2791.759	4.4386e-10	-10.65	-17.84	2.05	58	-6.87	78.80	36.02	-6.5e+02	-0.3119	-1.6632	1.6089	1.1932	1991d-TPF-UFCM_20200508-int0.txt	1991d-TPF-UFCM_20200508-fld0.txt	660.677
200.00	8	0	0.000	23	5	0	0.844536	0.019150	0.0617	0.351392	0.0142	2.02	-5.60	3.33	-0.092	-0.096	0.421	-0.081	3085.334	4.0170e-10	-9.45	-17.76	-1.57	42	-8.88	80.24	36.66	-6.7e+02	-0.2329	-1.6514	1.5502	1.4197	1991d-TPF-UFCM_20200508-int0.txt	1991d-TPF-UFCM_20200508-fld0.txt	439.927
200.00	9	0	0.000	23	5	0	0.850114	0.020180	0.0577	0.268152	0.0235	1.93	-6.41	-0.17	-0.120	-0.085	0.430	-0.055	3371.017	3.6767e-10	-8.14	-17.64	0.02	49	-11.78	77.21	37.44	-6.5e+02	-0.3259	-1.4497	1.7183	1.4673	1991d-TPF-UFCM_20200508-int0.txt	1991d-TPF-UFCM_20200508-fld0.txt	261.245
200.00	10	0	0.000	23	5	0	0.839673	0.020751	0.0547	0.191936	0.0501	2.30	-4.37	3.29	-0.111	-0.108	0.426	-0.063	3593.670	3.4476e-10	-10.60	-18.04	-2.47	38	-10.75	73.78	39.80	-6.6e+02	-0.2138	-1.5904	1.7423	1.3679	1991d-TPF-UFCM_20200508-int0.txt	1991d-TPF-UFCM_20200508-fld0.txt	140.488
200.00	11	0	0.000	23	5	0	0.846672	0.017767	0.0652	0.149028	0.0771	2.57	-2.12	-20.23	-0.151	-0.109	0.389	-0.031	3700.097	3.3505e-10	-10.69	-19.66	-0.37	51	-14.91	71.17	40.24	-6.6e+02	-0.1123	-1.2471	1.8889	1.2476	1991d-TPF-UFCM_20200508-int0.txt	1991d-TPF-UFCM_20200508-fld0.txt	88.594
200.00	0	0	0.000	23	0	0	0.847271	0.006837	0.1279	0.711199	0.0079	2.70	-1.97	-3.46	-0.000	-0.177	0.087	-0.002	1873.775	6.6150e-10	-17.34	17.34	13.09	-1.7e+02	0.04	-83.64	-177.79	6.9e+02	0.4765	-0.9739	0.9632	-0.4600	1991d-TPF-UFCM_20200508-int0.txt	1991d-TPF-UFCM_20200508-fld0.txt	1797.311
200.00	1	0	0.000	23	0	0	0.846858	0.008517	0.1028	0.708841	0.0125	2.75	-2.54	-10.50	0.031	-0.193	0.089	0.004	1875.151	6.6098e-10	-18.79	19.43	20.26	-1.6e+02	3.00	-83.21	-186.99	7e+02	0.4225	-1.1159	0.9646	-0.6347	1991d-TPF-UFCM_20200508-int0.txt	1991d-TPF-UFCM_20200508-fld0.txt	1794.781
200.00	2	0	0.000	23	0	0	0.846445	0.010113	0.0865	0.699336	0.0124	2.97	-2.85	4.28	0.013	-0.168	0.093	-0.004	1916.194	6.4683e-10	-16.33	16.88	17.84	-1.6e+02	1.27	-81.59	-184.50	6.8e+02	0.3879	-1.0046	0.8914	-0.4337	1991d-TPF-UFCM_20200508-int0.txt	1991d-TPF-UFCM_20200508-fld0.txt	1721.021
200.00	3	0	0.000	23	0	0	0.846042	0.011357	0.0768	0.665957	0.0117	3.09	-3.43	-8.60	0.036	-0.149	0.091	-0.021	1998.480	6.2019e-10	-14.30	17.54	24.83	-1.5e+02	3.54	-83.74	-183.78	7.1e+02	0.3180	-1.0576	0.6815	-0.3651	1991d-TPF-UFCM_20200508-int0.txt	1991d-TPF-UFCM_20200508-fld0.txt	1582.201
200.00	4	0	0.000	23	0	0	0.845654	0.012480	0.0699	0.627799	0.0118	3.14	-4.20	-17.26	0.048	-0.163	0.097	-0.032	2124.599	5.8335e-10	-15.75	19.70	19.52	-1.7e+02	4.74	-80.58	-181.83	6.9e+02	0.3722	-1.2107	0.6729	-0.3962	1991d-TPF-UFCM_20200508-int0.txt	1991d-TPF-UFCM_20200508-fld0.txt	1390.112
200.00	5	0	0.000	23	0	0	0.845285	0.013237	0.0653	0.572356	0.0109	2.85	-4.22	0.75	0.037	-0.132	0.100	-0.062	2298.390	5.3932e-10	-12.60	17.18	19.56	-1.5e+02	3.60	-78.56	-188.98	6.8e+02	0.3841	-1.1774	0.4667	-0.1072	1991d-TPF-UFCM_20200508-int0.txt	1991d-TPF-UFCM_20200508-fld0.txt	1160.074
200.00	6	0	0.000	23	0	0	0.844957	0.013661	0.0629	0.504772	0.0105	2.50	-4.49	-3.89	0.037	-0.120	0.103	-0.049	2522.991	4.9147e-10	-11.40	18.86	20.09	-1.8e+02	3.76	-79.85	-185.82	6.9e+02	0.2749	-1.0882	0.4787	-0.1012	1991d-TPF-UFCM_20200508-int0.txt	1991d-TPF-UFCM_20200508-fld0.txt	909.856
200.00	7	0	0.000	23	0	0	0.844692	0.013802	0.0618	0.431501	0.0113	2.36	-4.61	-6.01	0.047	-0.107	0.111	-0.062	2792.732	4.4411e-10	-10.17	17.37	16.72	-1.5e+02	4.54	-79.45	-185.00	6.9e+02	0.2215	-1.1372	0.3696	-0.0031	1991d-TPF-UFCM_20200508-int0.txt	1991d-TPF-UFCM_20200508-fld0.txt	662.133
200.00	8	0	0.000	23	0	0	0.850038	0.013449	0.0627	0.351398	0.0135	2.33	-5.03	-1.54	0.026	-0.091	0.118	-0.056	3091.294	4.0137e-10	-8.59	16.23	17.31	-1.6e+02	2.48	-80.81	-181.54	7e+02	0.1729	-1.0083	0.4142	0.1172	1991d-TPF-UFCM_20200508-int0.txt	1991d-TPF-UFCM_20200508-fld0.txt	438.294
200.00	9	0	0.000	23	0	0	0.850108	0.012251	0.0677	0.267370	0.0238	2.63	-4.53	-4.41	0.009	-0.078	0.127	-0.065	3381.271	3.6696e-10	-7.54	17.85	18.00	-1.7e+02	0.77	-82.67	-184.25	6.9e+02	0.1795	-0.9692	0.3950	0.2843	1991d-TPF-UFCM_20200508-int0.txt	1991d-TPF-UFCM_20200508-fld0.txt	257.696
200.00	10	0	0.000	23	0	0	0.839665	0.009357	0.0890	0.190032	0.0508	3.20	-2.59	-1.23	0.033	-0.103	0.128	-0.055	3607.102	3.4384e-10	-9.83	17.77	16.48	-1.7e+02	3.24	-83.57	-183.38	6.8e+02	0.1672	-1.0995	0.4744	0.0739	1991d-TPF-UFCM_20200508-int0.txt	1991d-TPF-UFCM_20200508-fld0.txt	135.720
200.00	11	0	0.000	23	0	0	0.846697	0.002673	0.3270	0.146166	0.0804	3.72	0.19	-25.16	0.015	-0.095	0.095	-0.048	3713.776	3.3407e-10	-9.06	14.14	17.75	-1.5e+02	1.36	-88.03	-193.53	6.9e+02	0.2575	-0.8937	0.4239	0.0331	1991d-TPF-UFCM_20200508-int0.txt	1991d-TPF-UFCM_20200508-fld0.txt	83.475
200.00	0	0	0.000	23	-5	0	0.847325	0.005622	0.1719	0.707433	0.0078	3.00	1.36	-2.28	-0.184	-0.159	0.026	-0.102	1885.832	6.5728e-10	-15.99	-1.80	-52.75	57	-16.12	8.59	265.24	50	1.5182	-0.5857	0.8579	0.3763	1991d-TPF-UFCM_20200508-int0.txt	1991d-TPF-UFCM_20200508-fld0.txt	1774.521
200.00	1	0	0.000	23	-5	0	0.846914	0.007278	0.1332	0.703714	0.0123	3.11	0.46	-10.28	-0.167	-0.175	0.026	-0.076	1887.722	6.5662e-10	-17.54	-3.16	-55.85	84	-14.43	10.09	267.25	53	1.4292	-0.5950	0.9756	0.1578	1991d-TPF-UFCM_20200508-int0.txt	1991d-TPF-UFCM_20200508-fld0.txt	1771.287
200.00	2	0	0.000	23	-5	0	0.846503	0.008761	0.1112	0.695500	0.0124	3.45	-0.04	-10.39	-0.175	-0.144	0.028	-0.172	1928.550	6.4258e-10	-14.67	-2.35	-55.26	70	-15.50	9.06	259.98	55	1.7036	-0.8364	0.4976	0.6951	1991d-TPF-UFCM_20200508-int0.txt	1991d-TPF-UFCM_20200508-fld0.txt	1698.108
200.00	3	0	0.000	23	-5	0	0.846102	0.009781	0.0995	0.661458	0.0114	3.66	-0.53	-10.10	-0.160	-0.118	0.028	-0.103	2011.594	6.1617e-10	-12.05	-3.93	-60.70	89	-13.74	10.12	265.55	60	1.2799	-0.5030	0.6210	0.4821	1991d-TPF-UFCM_20200508-int0.txt	1991d-TPF-UFCM_20200508-fld0.txt	1560.609
200.00	4	0	0.000	23	-5	0	0.845718	0.010529	0.0927	0.622221	0.0116	3.93	-1.21	-18.90	-0.149	-0.138	0.033	-0.172	2137.305	5.7982e-10	-13.96	-4.62	-57.58	87	-12.80	11.36	258.86	58	1.5832	-0.8956	0.4107	0.6585	1991d-TPF-UFCM_20200508-int0.txt	1991d-TPF-UFCM_20200508-fld0.txt	1371.051
200.00	5	0	0.000	23	-5	0	0.845352	0.010829	0.0900	0.569243	0.0109	3.55	-1.33	-1.84	-0.168	-0.109	0.036	-0.138	2311.040	5.3639e-10	-11.03	-3.66	-52.95	85	-14.65	8.42	262.03	90	1.3810	-0.5972	0.4936	0.7045	1991d-TPF-UFCM_20200508-int0.txt	1991d-TPF-UFCM_20200508-fld0.txt	1144.210
200.00	6	0	0.000	23	-5	0	0.845027	0.010531	0.0921	0.501095	0.0103	3.43	-1.65	-6.83	-0.173	-0.091	0.043	-0.200	2533.922	4.8925e-10	-9.34	-2.96	-59.00	66	-15.16	13.70	264.37	59	1.5472	-0.7780	0.2070	1.0607	1991d-TPF-UFCM_20200508-int0.txt	1991d-TPF-UFCM_20200508-fld0.txt	897.826
200.00	7	0	0.000	23	-5	0	0.844768	0.009641	0.1003	0.427721	0.0112	3.16	-1.77	-9.32	-0.162	-0.085	0.049	-0.152	2802.161	4.4261e-10	-8.61	-5.50	-54.14	1.1e+02	-14.04	12.63	260.02	68	1.2856	-0.6152	0.3579	0.8761	1991d-TPF-UFCM_20200508-int0.txt	1991d-TPF-UFCM_20200508-fld0.txt	653.928
200.00	8	0	0.000	23	-5	0	0.844622	0.007798	0.1235	0.348436	0.0143	3.31	-1.59	-9.97	-0.179	-0.068	0.058	-0.204	3096.338	4.0059e-10	-6.90	-1.16	-62.70	86	-15.60	11.90	262.12	62	1.4494	-0.7275	0.1621	1.2282	1991d-TPF-UFCM_20200508-int0.txt	1991d-TPF-UFCM_20200508-fld0.txt	434.010
200.00	9	0	0.000	23	-5	0	0.850202	0.004344	0.2224	0.265456	0.0243	3.24	-1.89	-11.29	-0.187	-0.062	0.066	-0.153	3383.338	3.6678e-10	-6.06	-2.41	-59.54	84	-16.48	9.64	267.43	52	1.2187	-0.4998	0.3815	1.0980	1991d-TPF-UFCM_20200508-int0.txt	1991d-TPF-UFCM_20200508-fld0.txt	256.687
200.00	10	0	0.000	23	-5	0	0.839767	0.002033	0.4894	0.190473	0.0507	3.46	0.26	-6.43	-0.151	-0.083	0.067	-0.176	3603.910	3.4413e-10	-8.32	-2.70	-54.74	75	-12.80	6.06	266.68	62	1.2858	-0.7847	0.2771	0.9975	1991d-TPF-UFCM_20200508-int0.txt	1991d-TPF-UFCM_20200508-fld0.txt	137.080
200.00	11	0	0.000	23	-5	0	0.846788	0.012126	0.0850	0.147521	0.0786	4.00	-1.84	-30.58	-0.163	-0.069	0.035	-0.155	3706.603	3.3466e-10	-7.03	-1.30	-59.02	76	-13.98	2.28	274.43	72	1.2756	-0.5177	0.2503	0.9170	1991d-TPF-UFCM_20200508-int0.txt	1991d-TPF-UFCM_20200508-fld0.txt	86.563
200.00	0	0	0.000	23	12	0	0.847245	0.010758	0.2567	0.633344	0.0095	11.49	3.49	4.66	-0.350	-0.308	1.167	-0.151	2077.901	5.9314e-10	-31.85	5.66	434.24	1.2e+03	-27.68	150.71	276.63	-1.9e+03	-0.4913	-4.1834	5.0478	3.7514	1991d-TPF-UFCM_20200508-int0.txt	1991d-TPF-UFCM_20200508-fld0.txt	1447.349
200.00	1	0	0.000	23	12	0	0.846808	0.013873	0.1977	0.628929	0.0137	11.82	2.00	5.74	-0.330	-0.302	1.175	-0.143	2087.666	5.9027e-10	-31.59	1.95	426.25	1.2e+03	-25.48	147.31	295.94	-1.9e+03	-0.6258	-4.2114	5.0166	3.7078	1991d-TPF-UFCM_20200508-int0.txt	1991d-TPF-UFCM_20200508-fld0.txt	1432.412
200.00	2	0	0.000	23	12	0	0.846368	0.017436	0.1563	0.615188	0.0133	12.00	1.83	15.74	-0.335	-0.296	1.178	-0.163	2135.912	5.7686e-10	-31.02	2.31	429.35	1.2e+03	-26.16	149.18	283.51	-1.9e+03	-0.5642	-4.2629	4.9401	3.8337	1991d-TPF-UFCM_20200508-int0.txt	1991d-TPF-UFCM_20200508-fld0.txt	1362.313
200.00	3	0	0.000	23	12	0	0.84594	0.021241	0.1268	0.583506	0.0132	12.60	0.84	6.65	-0.299	-0.275	1.185	-0.161	2223.480	5.5398e-10	-29.00	4.13	433.10	1.2e+03	-22.64	147.36	256.20	-1.9e+03	-0.7808	-4.2961	4.7771	3.8263	1991d-TPF-UFCM_20200508-int0.txt	1991d-TPF-UFCM_20200508-fld0.txt	1242.726
200.00	4	0	0.000	23	12	0	0.845522	0.025770	0.1038	0.547941	0.0134	13.06	-0.22	6.67	-0.286	-0.299	1.190	-0.207	2350.805	5.2366e-10	-31.05	2.73	431.09	1.1e+03	-21.26	153.47	272.00	-1.9e+03	-0.5586	-4.6243	4.6685	3.8890	1991d-TPF-UFCM_20200508-int0.txt	1991d-TPF-UFCM_20200508-fld0.txt	1084.391
200.00	5	0	0.000	23	12	0	0.845123	0.030378	0.0874	0.491072	0.0123	13.87	-1.13	13.70	-0.277	-0.269	1.198	-0.135	2521.058	4.8834e-10	-28.18	3.85	434.83	1.2e+03	-20.52	149.97	260.09	-1.9e+03	-1.0119	-4.2668	4.8280	3.7165	1991d-TPF-UFCM_20200508-int0.txt	1991d-TPF-UFCM_20200508-fld0.txt	899.494
200.00	6	0	0.000	23	12	0	0.844756	0.036055	0.0732	0.429454	0.0126	14.10	-3.40	11.44	-0.267	-0.270	1.197	-0.176	2730.044	4.5079e-10	-28.27	-1.25	425.10	1.1e+03	-19.37	155.19	263.93	-1.9e+03	-0.8760	-4.4581	4.6352	3.8422	1991d-TPF-UFCM_20200508-int0.txt	1991d-TPF-UFCM_20200508-fld0.txt	702.804
200.00	7	0	0.000	23	12	0	0.844445	0.043185	0.0629	0.360401	0.0134	14.81	-4.80	21.18	-0.272	-0.258	1.205	-0.163	2969.213	4.1442e-10	-27.13	-1.00	419.03	1.2e+03	-20.14	153.04	270.00	-1.9e+03	-0.9816	-4.3686	4.6755	3.8803	1991d-TPF-UFCM_20200508-int0.txt	1991d-TPF-UFCM_20200508-fld0.txt	512.232
200.00	8	0	0.000	23	12	0	0.849744	0.052312	0.0549	0.281726	0.0164	15.04	-9.91	18.68	-0.300	-0.250	1.209	-0.145	3217.427	3.8231e-10	-26.50	0.34	426.64	1.2e+03	-22.91	153.58	278.75	-1.9e+03	-1.0171	-4.1969	4.8111	3.9331	1991d-TPF-UFCM_20200508-int0.txt	1991d-TPF-UFCM_20200508-fld0.txt	344.061
200.00	9	0	0.000	23	12	0	0.84978	0.066963	0.0480	0.203205	0.0287	15.41	-15.82	14.80	-0.342	-0.243	1.204	-0.162	3443.073	3.5725e-10	-25.76	-1.49	423.39	1.1e+03	-26.96	149.19	278.56	-1.9e+03	-0.8341	-4.0985	4.8221	4.1378	1991d-TPF-UFCM_20200508-int0.txt	1991d-TPF-UFCM_20200508-fld0.txt	212.309
200.00	10	0	0.000	23	12	0	0.839462	0.091227	0.0507	0.130122	0.0651	16.90	-16.67	9.20	-0.347	-0.266	1.199	-0.148	3599.859	3.4157e-10	-28.00	-1.50	414.25	1.2e+03	-27.73	147.22	282.50	-1.9e+03	-0.7697	-4.1019	4.9728	3.9916	1991d-TPF-UFCM_20200508-int0.txt	1991d-TPF-UFCM_20200508-fld0.txt	128.871
200.00	11	0	0.000	23	12	0	0.841771	0.105568	0.0244	0.094269	0.1275	16.88	3.28	-23.16	-0.411	-0.270	1.161	-0.113	3660.968	3.3629e-10	-28.13	-0.02	411.04	1.1e+03	-33.77	147.48	286.35	-1.9e+03	-0.5985	-3.6831	5.2065	3.9161	1991d-TPF-UFCM_20200508-int0.txt	1991d-TPF-UFCM_20200508-fld0.txt	100.881
200.00	0	0	0.000	23	-12	0	0.847458	0.023174	0.0993	0.628891	0.0090	3.65	-18.99	7.81	-0.040	-0.151	0.287	-0.272	2116.114	5.8542e-10	-15.42	-48.47	37.17	2.5e+02	-0.12	-89.45	237.30	6e+02	0.9805	-2.4029	0.4796	1.4136	1991d-TPF-UFCM_20200508-int0.txt	1991d-TPF-UFCM_20200508-fld0.txt	1397.100
200.00	1	0	0.000	23	-12	0	0.847009	0.023216	0.0980	0.618207	0.0131	3.80	-16.86	-1.46	-0.036	-0.175	0.284	-0.311	2131.204	5.8114e-10	-17.85	-47.54	38.88	2.3e+02	0.49	-87.58	235.98	6.1e+02	1.2285	-2.6537	0.4003	1.4510	1991d-TPF-UFCM_20200508-int0.txt	1991d-TPF-UFCM_20200508-fld0.txt	1374.989
200.00	2	0	0.000	23	-12	0	0.846562	0.023817	0.0945	0.605237	0.0136	4.36	-15.04	-20.38	-0.057	-0.149	0.285	-0.384	2185.240	5.6661e-10	-15.41	-47.15	40.45	2.5e+02	-1.84	-84.00	243.97	5.6e+02	1.4722	-2.7824	0.0705	1.9087	1991d-TPF-UFCM_20200508-int0.txt	1991d-TPF-UFCM_20200508-fld0.txt	1299.255
200.00	3	0	0.000	23	-12	0	0.846121	0.024269	0.0911	0.570638	0.0126	4.74	-11.11	-3.98	-0.046	-0.128	0.284	-0.352	2280.729	5.4295e-10	-13.04	-45.49	35.57	2.3e+02	-0.78	-81.79	241.05	5.7e+02	1.2344	-2.6030	0.0767	1.8362	1991d-TPF-UFCM_20200508-int0.txt	1991d-TPF-UFCM_20200508-fld0.txt	1176.097
200.00	4	0	0.000	23	-12	0	0.845695	0.025236	0.0873	0.530497	0.0129	5.17	-9.53	-18.57	-0.062	-0.148	0.285	-0.343	2416.852	5.1233e-10	-14.86	-45.52	37.94	2.4e+02	-2.50	-79.10	252.88	5.5e+02	1.3212	-2.6037	0.2411	1.7709	1991d-TPF-UFCM_20200508-int0.txt	1991d-TPF-UFCM_20200508-fld0.txt	1016.629
200.00	5	0	0.000	23	-12	0	0.845284	0.026545	0.0830	0.476734	0.0122	5.05	-5.35	4.15	-0.077	-0.125	0.293	-0.329	2594.905	4.7726e-10	-12.83	-41.47	38.02	2.2e+02	-3.77	-79.96	249.06	5.6e+02	1.1901	-2.4332	0.2737	1.8709	1991d-TPF-UFCM_20200508-int0.txt	1991d-TPF-UFCM_20200508-fld0.txt	833.601
200.00	6	0	0.000	23	-12	0	0.844906	0.028705	0.0780	0.411941	0.0120	5.07	-2.91	-5.10	-0.099	-0.124	0.297	-0.313	2812.474	4.4045e-10	-12.69	-38.65	42.57	2.2e+02	-6.15	-76.43	256.43	5.4e+02	1.1802	-2.3112	0.4039	1.8903	1991d-TPF-UFCM_20200508-int0.txt	1991d-TPF-UFCM_20200508-fld0.txt	641.392
200.00	7	0	0.000	23	-12	0	0.850085	0.032818	0.0711	0.342484	0.0125	5.35	0.10	-9.89	-0.091	-0.116	0.305	-0.337	3058.861	4.0515e-10	-11.67	-40.13	38.67	2.5e+02	-5.39	-76.35	259.69	5.3e+02	1.1951	-2.4182	0.2808	2.0177	1991d-TPF-UFCM_20200508-int0.txt	1991d-TPF-UFCM_20200508-fld0.txt	457.241
200.00	8	0	0.000	23	-12	0	0.849872	0.039820	0.0667	0.264377	0.0177	5.14	5.44	10.03	-0.094	-0.116	0.315	-0.328	3307.984	3.7459e-10	-11.92	-37.35	41.68	2.2e+02	-5.35	-82.13	258.73	5.7e+02	1.1436	-2.4078	0.3497	2.0170	1991d-TPF-UFCM_20200508-int0.txt	1991d-TPF-UFCM_20200508-fld0.txt	297.404
200.00	9	0	0.000	23	-12	0	0.849914	0.053992	0.0591	0.185183	0.0328	5.20	7.23	11.20	-0.084	-0.113	0.329	-0.324	3526.624	3.5132e-10	-11.36	-35.92	43.30	2.3e+02	-4.33	-80.01	255.38	5.5e+02	1.0402	-2.4462	0.3678	2.0261	1991d-TPF-UFCM_20200508-int0.txt	1991d-TPF-UFCM_20200508-fld0.txt	175.381
200.00	10	0	0.000	23	-12	0	0.850722	0.084861	0.0427	0.112065	0.0799	5.38	0.97	7.74	-0.035	-0.128	0.345	-0.298	3673.183	3.3732e-10	-13.02	-35.63	40.92	2.4e+02	0.42	-78.69	252.55	5.3e+02	0.8146	-2.5976	0.4338	1.7616	1991d-TPF-UFCM_20200508-int0.txt	1991d-TPF-UFCM_20200508-fld0.txt	101.521
200.00	11	0	0.000	23	-12	0	0.842555	0.109865	0.0227	0.083693	0.1525	5.35	1.86	6.26	-0.011	-0.119	0.294	-0.292	3711.679	3.3380e-10	-12.14	-36.78	40.46	2.3e+02	2.90	-80.79	235.63	5.5e+02	0.8256	-2.4586	0.2027	1.5589	1991d-TPF-UFCM_20200508-int0.txt	1991d-TPF-UFCM_20200508-fld0.txt	82.685
200.00	0	0	0.000	23	-5	1	0.847389	0.006973	0.1364	0.694444	0.0080	2.59	3.50	5.48	-0.235	-0.152	0.077	-0.044	1927.183	6.4293e-10	-15.68	-26.35	-83.75	2.8e+02	-20.90	-37.25	453.09	5.8e+02	1.2634	-0.3253	1.3559	0.4726	1991d-TPF-UFCM_20200508-int0.txt	1991d-TPF-UFCM_20200508-fld0.txt	1701.834
200.00	1	0	0.000	23	-5	1	0.846857	0.008714	0.1092	0.689770	0.0124	2.70	1.70	0.87	-0.238	-0.143	0.074	-0.060	1929.102	6.4227e-10	-14.74	-27.58	-81.16	2.9e+02	-21.14	-35.88	449.86	5.8e+02	1.3054	-0.3304	1.2524	0.5730	1991d-TPF-UFCM_20200508-int0.txt	1991d-TPF-UFCM_20200508-fld0.txt	1698.539
200.00	2	0	0.000	23	-5	1	0.846321	0.010338	0.0925	0.677187	0.0120	3.08	1.26	4.86	-0.236	-0.156	0.075	-0.044	1972.389	6.2817e-10	-16.14	-25.71	-78.80	2.7e+02	-21.08	-33.65	445.01	5.7e+02	1.2827	-0.3271	1.3699	0.4514	1991d-TPF-UFCM_20200508-int0.txt	1991d-TPF-UFCM_20200508-fld0.txt	1625.039
200.00	3	0	0.000	23	-5	1	0.845788	0.011719	0.0820	0.646804	0.0125	3.77	0.52	-9.12	-0.250	-0.117	0.075	-0.100	2058.723	6.0175e-10	-12.21	-28.21	-84.99	3e+02	-22.42	-30.67	458.98	5.5e+02	1.3909	-0.3523	1.0326	0.8755	1991d-TPF-UFCM_20200508-int0.txt	1991d-TPF-UFCM_20200508-fld0.txt	1487.518
200.00	4	0	0.000	23	-5	1	0.845249	0.012901	0.0746	0.604547	0.0119	4.24	0.05	-0.68	-0.255	-0.120	0.076	-0.139	2191.027	5.6534e-10	-12.43	-26.33	-79.96	2.8e+02	-23.03	-27.71	453.22	5.1e+02	1.5726	-0.5092	0.9079	1.0365	1991d-TPF-UFCM_20200508-int0.txt	1991d-TPF-UFCM_20200508-fld0.txt	1297.751
200.00	5	0	0.000	23	-5	1	0.844711	0.013858	0.0697	0.549403	0.0125	4.34	-0.69	-8.71	-0.263	-0.104	0.081	-0.129	2373.627	5.2193e-10	-10.90	-26.66	-79.42	3e+02	-23.86	-32.13	452.39	5.9e+02	1.4764	-0.3903	0.9188	1.0985	1991d-TPF-UFCM_20200508-int0.txt	1991d-TPF-UFCM_20200508-fld0.txt	1071.049
200.00	6	0	0.000	23	-5	1	0.849658	0.014520	0.0661	0.479575	0.0111	3.93	-1.98	1.34	-0.258	-0.092	0.076	-0.121	2610.827	4.7479e-10	-9.62	-25.84	-85.86	2.7e+02	-23.37	-26.40	457.15	5.3e+02	1.3950	-0.3124	0.8767	1.0855	1991d-TPF-UFCM_20200508-int0.txt	1991d-TPF-UFCM_20200508-fld0.txt	824.710
200.00	7	0	0.000	23	-5	1	0.849098	0.015072	0.0636	0.403157	0.0119	3.80	-2.23	-2.57	-0.260	-0.082	0.080	-0.109	2895.991	4.2816e-10	-8.56	-26.36	-86.38	2.9e+02	-23.43	-28.27	458.49	5.6e+02	1.2997	-0.2294	0.8994	1.0996	1991d-TPF-UFCM_20200508-int0.txt	1991d-TPF-UFCM_20200508-fld0.txt	580.856
200.00	8	0	0.000	23	-5	1	0.848516	0.015216	0.0625	0.313441	0.0136	3.46	-2.11	3.38	-0.254	-0.063	0.078	-0.121	3210.559	3.8619e-10	-6.59	-24.57	-93.65	2.7e+02	-22.90	-26.39	462.52	5.2e+02	1.2642	-0.2143	0.7478	1.1989	1991d-TPF-UFCM_20200508-int0.txt	1991d-TPF-UFCM_20200508-fld0.txt	361.245
200.00	9	0	0.000	23	-5	1	0.847875	0.015485	0.0615	0.220951	0.0201	3.15	-1.79	7.42	-0.245	-0.063	0.077	-0.141	3517.726	3.5237e-10	-6.77	-26.77	-91.79	3e+02	-22.20	-27.69	461.58	5.2e+02	1.3146	-0.3131	0.6405	1.2450	1991d-TPF-UFCM_20200508-int0.txt	1991d-TPF-UFCM_20200508-fld0.txt	183.830
200.00	10	0	0.000	23	-5	1	0.847026	0.016157	0.0629	0.122991	0.0452	2.10	-0.97	12.93	-0.236	-0.059	0.071	-0.126	3759.213	3.2970e-10	-6.28	-26.20	-84.22	2.8e+02	-21.14	-36.44	464.34	5.6e+02	1.2318	-0.2516	0.6402	1.1613	1991d-TPF-UFCM_20200508-int0.txt	1991d-TPF-UFCM_20200508-fld0.txt	64.277
200.00	11	0	0.000	23	-5	1	0.84391	0.019744	0.0488	0.032541	0.3505	1.67	-2.02	28.94	-0.208	-0.023	0.068	-0.126	3869.454	3.2033e-10	-2.62	-23.64	-95.02	2.7e+02	-18.27	-40.82	462.20	5.5e+02	1.0115	-0.1768	0.4040	1.2156	1991d-TPF-UFCM_20200508-int0.txt	1991d-TPF-UFCM_20200508-fld0.txt	13.968
200.00	0	0	0.000	23	0	1	0.847299	0.006906	0.1227	0.697776	0.0081	2.68	-1.29	6.70	0.128	-0.157	0.088	-0.041	1913.095	6.4751e-10	-15.39	49.86	-20.43	-4.3e+02	11.37	-123.72	-440.10	1.1e+03	0.1711	-1.4339	0.3491	-0.5974	1991d-TPF-UFCM_20200508-int0.txt	1991d-TPF-UFCM_20200508-fld0.txt	1726.509
200.00	1	0	0.000	23	0	1	0.846767	0.008672	0.0978	0.695782	0.0126	2.82	-1.79	-1.41	0.125	-0.148	0.092	-0.033	1914.996	6.4687e-10	-14.48	49.02	-24.10	-4.3e+02	11.27	-122.77	-437.63	1.1e+03	0.0956	-1.3623	0.3700	-0.5713	1991d-TPF-UFCM_20200508-int0.txt	1991d-TPF-UFCM_20200508-fld0.txt	1723.262
200.00	2	0	0.000	23	0	1	0.846229	0.010284	0.0821	0.680845	0.0122	3.02	-2.02	4.89	0.133	-0.158	0.090	-0.085	1957.905	6.3260e-10	-15.54	47.56	-25.44	-4.1e+02	11.83	-121.52	-438.15	1.1e+03	0.3265	-1.6269	0.1689	-0.4341	1991d-TPF-UFCM_20200508-int0.txt	1991d-TPF-UFCM_20200508-fld0.txt	1648.955
200.00	3	0	0.000	23	0	1	0.845696	0.011706	0.0721	0.652995	0.0128	3.55	-2.57	-9.72	0.130	-0.124	0.093	-0.130	2044.059	6.0586e-10	-12.26	47.14	-26.96	-4.1e+02	11.79	-122.46	-439.27	1.1e+03	0.3682	-1.6718	-0.1258	-0.1020	1991d-TPF-UFCM_20200508-int0.txt	1991d-TPF-UFCM_20200508-fld0.txt	1509.658
200.00	4	0	0.000	23	0	1	0.845155	0.012813	0.0654	0.608197	0.0121	3.89	-2.84	-0.43	0.123	-0.123	0.093	-0.090	2177.098	5.6889e-10	-11.97	48.31	-21.91	-4.2e+02	10.77	-121.50	-431.48	1.1e+03	0.2224	-1.4852	0.0502	-0.2355	1991d-TPF-UFCM_20200508-int0.txt	1991d-TPF-UFCM_20200508-fld0.txt	1316.959
200.00	5	0	0.000	23	0	1	0.844615	0.013758	0.0609	0.555188	0.0130	4.00	-3.43	-8.26	0.124	-0.095	0.093	-0.085	2360.142	5.2485e-10	-9.38	49.68	-32.42	-4.2e+02	10.99	-118.96	-440.93	1.1e+03	0.0884	-1.3599	-0.0496	-0.1454	1991d-TPF-UFCM_20200508-int0.txt	1991d-TPF-UFCM_20200508-fld0.txt	1086.901
200.00	6	0	0.000	23	0	1	0.849562	0.014254	0.0582	0.482950	0.0111	3.47	-3.93	3.22	0.135	-0.095	0.093	-0.121	2597.430	4.7703e-10	-9.57	50.05	-17.84	-4.3e+02	12.10	-119.20	-434.84	1.1e+03	0.2006	-1.5358	-0.2237	-0.0342	1991d-TPF-UFCM_20200508-int0.txt	1991d-TPF-UFCM_20200508-fld0.txt	836.880
200.00	7	0	0.000	23	0	1	0.848998	0.014668	0.0562	0.407296	0.0120	3.20	-3.78	8.35	0.140	-0.077	0.098	-0.114	2884.319	4.2971e-10	-7.86	48.91	-26.77	-4.2e+02	12.58	-117.74	-444.44	1.1e+03	0.0730	-1.4595	-0.2693	0.0087	1991d-TPF-UFCM_20200508-int0.txt	1991d-TPF-UFCM_20200508-fld0.txt	589.386
200.00	8	0	0.000	23	0	1	0.848414	0.014497	0.0561	0.316008	0.0137	2.99	-3.81	6.89	0.141	-0.063	0.094	-0.116	3202.630	3.8700e-10	-6.41	49.98	-24.25	-4.5e+02	12.60	-120.40	-441.30	1.1e+03	0.0277	-1.3999	-0.3497	0.0621	1991d-TPF-UFCM_20200508-int0.txt	1991d-TPF-UFCM_20200508-fld0.txt	365.851
200.00	9	0	0.000	23	0	1	0.847764	0.014160	0.0570	0.222305	0.0203	2.63	-3.58	11.89	0.130	-0.062	0.089	-0.101	3513.748	3.5268e-10	-6.29	49.77	-29.24	-4.3e+02	11.83	-124.83	-435.64	1.1e+03	0.0156	-1.2938	-0.2753	0.0258	1991d-TPF-UFCM_20200508-int0.txt	1991d-TPF-UFCM_20200508-fld0.txt	185.783
200.00	10	0	0.000	23	0	1	0.846894	0.013397	0.0608	0.124369	0.0446	2.12	-3.72	16.26	0.122	-0.054	0.082	-0.107	3758.394	3.2968e-10	-5.60	49.96	-29.95	-4.4e+02	10.97	-126.78	-438.65	1.1e+03	0.0489	-1.2357	-0.3288	0.0832	1991d-TPF-UFCM_20200508-int0.txt	1991d-TPF-UFCM_20200508-fld0.txt	64.572
200.00	11	0	0.000	23	0	1	0.843727	0.007674	0.1768	0.034320	0.3310	1.21	-1.17	33.05	0.140	-0.023	0.082	-0.079	3871.470	3.2009e-10	-2.48	49.02	-22.82	-4.4e+02	12.34	-127.34	-444.65	1.1e+03	-0.2429	-1.0588	-0.3949	0.0415	1991d-TPF-UFCM_20200508-int0.txt	1991d-TPF-UFCM_20200508-fld0.txt	13.213
200.00	0	0	0.000	23	5	1	0.847324	0.006387	0.1762	0.693944	0.0084	3.14	-1.84	7.89	-0.100	-0.207	0.371	-0.046	1923.327	6.4369e-10	-20.20	-29.53	106.73	2.1e+02	-11.39	144.46	27.84	-1.3e+03	0.2471	-1.7963	2.0213	0.7072	1991d-TPF-UFCM_20200508-int0.txt	1991d-TPF-UFCM_20200508-fld0.txt	1706.714
200.00	1	0	0.000	23	5	1	0.846794	0.007966	0.1428	0.691257	0.0129	3.35	-2.21	0.27	-0.095	-0.202	0.373	-0.042	1924.994	6.4312e-10	-19.73	-29.31	106.78	2e+02	-11.10	144.73	27.17	-1.3e+03	0.1879	-1.7849	2.0060	0.7068	1991d-TPF-UFCM_20200508-int0.txt	1991d-TPF-UFCM_20200508-fld0.txt	1703.860
200.00	2	0	0.000	23	5	1	0.846259	0.009392	0.1224	0.677221	0.0125	3.62	-2.45	6.85	-0.095	-0.209	0.373	-0.045	1967.732	6.2913e-10	-20.36	-25.72	106.89	1.8e+02	-10.89	141.64	30.88	-1.3e+03	0.2280	-1.8264	2.0276	0.6851	1991d-TPF-UFCM_20200508-int0.txt	1991d-TPF-UFCM_20200508-fld0.txt	1630.938
200.00	3	0	0.000	23	5	1	0.845726	0.010602	0.1097	0.648714	0.0131	4.07	-3.02	-7.29	-0.086	-0.185	0.378	-0.090	2053.581	6.0274e-10	-17.99	-29.70	105.02	2e+02	-10.27	144.08	25.37	-1.3e+03	0.2723	-1.9451	1.7384	0.9527	1991d-TPF-UFCM_20200508-int0.txt	1991d-TPF-UFCM_20200508-fld0.txt	1493.392
200.00	4	0	0.000	23	5	1	0.845188	0.011522	0.1015	0.604967	0.0123	4.52	-3.44	1.65	-0.092	-0.178	0.377	-0.065	2185.982	5.6625e-10	-17.23	-30.42	106.81	2.1e+02	-10.84	141.80	24.35	-1.3e+03	0.1637	-1.7993	1.8254	0.8930	1991d-TPF-UFCM_20200508-int0.txt	1991d-TPF-UFCM_20200508-fld0.txt	1303.190
200.00	5	0	0.000	23	5	1	0.84465	0.012235	0.0963	0.551383	0.0132	4.57	-4.14	-6.20	-0.098	-0.154	0.380	-0.100	2367.882	5.2277e-10	-14.83	-29.51	104.26	1.9e+02	-11.02	141.75	30.01	-1.3e+03	0.2125	-1.8274	1.6120	1.1558	1991d-TPF-UFCM_20200508-int0.txt	1991d-TPF-UFCM_20200508-fld0.txt	1076.012
200.00	6	0	0.000	23	5	1	0.849598	0.012530	0.0944	0.480320	0.0115	4.11	-4.46	6.03	-0.075	-0.149	0.382	-0.122	2603.119	4.7554e-10	-14.32	-31.79	100.73	2.3e+02	-8.83	143.08	22.25	-1.3e+03	0.2074	-1.9717	1.4428	1.2072	1991d-TPF-UFCM_20200508-int0.txt	1991d-TPF-UFCM_20200508-fld0.txt	829.087
200.00	7	0	0.000	23	5	1	0.849038	0.012649	0.0935	0.404894	0.0125	4.04	-4.76	6.40	-0.080	-0.134	0.382	-0.129	2887.586	4.2881e-10	-13.10	-32.13	101.31	2.3e+02	-9.60	141.41	27.99	-1.3e+03	0.1921	-1.9226	1.3695	1.3063	1991d-TPF-UFCM_20200508-int0.txt	1991d-TPF-UFCM_20200508-fld0.txt	584.609
200.00	8	0	0.000	23	5	1	0.848454	0.012147	0.0969	0.314267	0.0140	3.73	-4.86	9.88	-0.081	-0.126	0.383	-0.111	3202.993	3.8660e-10	-12.21	-32.51	103.90	2.2e+02	-9.74	141.39	29.27	-1.3e+03	0.0866	-1.8166	1.4136	1.2720	1991d-TPF-UFCM_20200508-int0.txt	1991d-TPF-UFCM_20200508-fld0.txt	363.718
200.00	9	0	0.000	23	5	1	0.847812	0.011233	0.1058	0.221360	0.0204	3.56	-5.26	14.98	-0.091	-0.121	0.381	-0.142	3510.500	3.5265e-10	-11.78	-30.32	102.94	2e+02	-10.86	138.94	23.15	-1.3e+03	0.2284	-1.8882	1.2954	1.4424	1991d-TPF-UFCM_20200508-int0.txt	1991d-TPF-UFCM_20200508-fld0.txt	185.597
200.00	10	0	0.000	23	5	1	0.846963	0.009030	0.1413	0.123805	0.0446	3.11	-6.09	19.25	-0.123	-0.124	0.373	-0.138	3753.028	3.2987e-10	-12.02	-33.80	105.72	2.2e+02	-13.89	134.42	25.16	-1.3e+03	0.3381	-1.7637	1.3951	1.4807	1991d-TPF-UFCM_20200508-int0.txt	1991d-TPF-UFCM_20200508-fld0.txt	65.561
200.00	11	0	0.000	23	5	1	0.843878	0.005023	0.4422	0.033200	0.3398	2.11	-0.71	34.99	-0.129	-0.087	0.368	-0.131	3866.105	3.2030e-10	-8.38	-34.10	103.97	2.4e+02	-14.51	132.17	30.59	-1.3e+03	0.1909	-1.5508	1.2743	1.6079	1991d-TPF-UFCM_20200508-int0.txt	1991d-TPF-UFCM_20200508-fld0.txt	14.414
200.00	0	0	0.000	23	12	1	0.847274	0.013721	0.1959	0.631207	0.0099	12.49	-3.69	18.69	-0.582	-0.358	1.170	-0.146	2087.231	5.9066e-10	-36.45	-52.49	517.51	1.7e+03	-46.88	243.26	1309.20	-9e+02	0.3690	-3.6941	5.9664	4.2156	1991d-TPF-UFCM_20200508-int0.txt	1991d-TPF-UFCM_20200508-fld0.txt	1436.827
200.00	1	0	0.000	23	12	1	0.846704	0.010802	0.2483	0.627694	0.0140	12.97	-3.78	13.82	-0.576	-0.347	1.177	-0.154	2097.058	5.8782e-10	-35.72	-53.52	521.65	1.7e+03	-45.99	245.82	1302.16	-9.3e+02	0.3178	-3.7183	5.8891	4.2946	1991d-TPF-UFCM_20200508-int0.txt	1991d-TPF-UFCM_20200508-fld0.txt	1422.009
200.00	2	0	0.000	23	12	1	0.846127	0.008174	0.3244	0.609687	0.0138	13.41	-3.30	18.73	-0.564	-0.341	1.177	-0.130	2146.047	5.7439e-10	-35.07	-47.94	514.65	1.7e+03	-44.87	243.11	1295.83	-9e+02	0.1657	-3.6340	5.9232	4.1944	1991d-TPF-UFCM_20200508-int0.txt	1991d-TPF-UFCM_20200508-fld0.txt	1351.860
200.00	3	0	0.000	23	12	1	0.845549	0.006019	0.4344	0.585573	0.0146	14.36	-2.94	5.31	-0.555	-0.333	1.185	-0.200	2233.899	5.5152e-10	-34.08	-45.07	523.36	1.7e+03	-44.11	239.66	1289.61	-8.5e+02	0.3575	-3.9314	5.6101	4.4996	1991d-TPF-UFCM_20200508-int0.txt	1991d-TPF-UFCM_20200508-fld0.txt	1232.510
200.00	4	0	0.000	23	12	1	0.84496	0.004344	0.5725	0.539652	0.0142	15.21	-1.94	13.03	-0.557	-0.323	1.185	-0.171	2364.238	5.2108e-10	-33.18	-45.37	512.51	1.7e+03	-44.66	238.42	1300.86	-8.1e+02	0.2119	-3.7660	5.6932	4.4295	1991d-TPF-UFCM_20200508-int0.txt	1991d-TPF-UFCM_20200508-fld0.txt	1073.531
200.00	5	0	0.000	23	12	1	0.844353	0.003573	0.6554	0.489687	0.0145	16.03	-1.09	20.98	-0.557	-0.303	1.190	-0.183	2535.749	4.8572e-10	-30.85	-49.09	505.11	1.7e+03	-44.50	238.63	1296.81	-8e+02	0.1650	-3.7527	5.5759	4.5708	1991d-TPF-UFCM_20200508-int0.txt	1991d-TPF-UFCM_20200508-fld0.txt	888.556
200.00	6	0	0.000	23	12	1	0.849223	0.003824	0.6272	0.425428	0.0142	15.95	0.59	16.98	-0.534	-0.306	1.195	-0.213	2746.499	4.4818e-10	-31.01	-53.10	491.64	1.7e+03	-42.75	240.63	1294.39	-8.3e+02	0.2118	-3.9631	5.4178	4.6264	1991d-TPF-UFCM_20200508-int0.txt	1991d-TPF-UFCM_20200508-fld0.txt	692.204
200.00	7	0	0.000	23	12	1	0.848544	0.005866	0.4355	0.352343	0.0146	16.64	1.14	23.97	-0.533	-0.294	1.190	-0.184	2989.340	4.1178e-10	-30.05	-49.78	502.94	1.7e+03	-42.63	238.09	1290.42	-7.9e+02	0.0617	-3.7851	5.4698	4.5408	1991d-TPF-UFCM_20200508-int0.txt	1991d-TPF-UFCM_20200508-fld0.txt	501.406
200.00	8	0	0.000	23	12	1	0.84778	0.011195	0.2467	0.275174	0.0172	17.51	2.48	28.09	-0.546	-0.298	1.188	-0.234	3241.921	3.7966e-10	-29.75	-51.38	494.25	1.6e+03	-43.82	235.69	1290.93	-8.1e+02	0.3187	-3.9552	5.3135	4.7581	1991d-TPF-UFCM_20200508-int0.txt	1991d-TPF-UFCM_20200508-fld0.txt	333.139
200.00	9	0	0.000	23	12	1	0.84681	0.023309	0.1361	0.194043	0.0239	18.07	4.02	31.14	-0.567	-0.297	1.170	-0.203	3471.311	3.5460e-10	-29.80	-49.45	517.71	1.7e+03	-45.52	243.57	1270.43	-9.4e+02	0.3031	-3.7161	5.4446	4.6469	1991d-TPF-UFCM_20200508-int0.txt	1991d-TPF-UFCM_20200508-fld0.txt	201.517
200.00	10	0	0.000	23	12	1	0.845201	0.053778	0.0776	0.116510	0.0461	18.07	0.02	35.15	-0.629	-0.307	1.157	-0.211	3634.324	3.3878e-10	-31.00	-52.25	508.00	1.6e+03	-52.11	237.67	1297.06	-8.5e+02	0.5950	-3.5677	5.5992	4.7821	1991d-TPF-UFCM_20200508-int0.txt	1991d-TPF-UFCM_20200508-fld0.txt	118.067
200.00	11	0	0.000	23	12	1	0.85243	0.106930	0.0850	0.074379	0.1130	18.97	-12.84	32.56	-0.642	-0.268	1.181	-0.203	3687.851	3.3393e-10	-27.36	-55.30	491.98	1.6e+03	-53.67	231.75	1291.42	-8.1e+02	0.3749	-3.4085	5.5827	5.0186	1991d-TPF-UFCM_20200508-int0.txt	1991d-TPF-UFCM_20200508-fld0.txt	91.244
200.00	0	0	0.000	23	-12	1	0.84746	0.002979	0.6463	0.629700	0.0092	3.56	16.30	8.60	-0.148	-0.128	0.264	-0.400	2114.423	5.8517e-10	-13.45	-44.45	-93.26	4.9e+02	-10.92	-44.91	563.35	-68	1.7797	-2.4317	0.1296	2.2702	1991d-TPF-UFCM_20200508-int0.txt	1991d-TPF-UFCM_20200508-fld0.txt	1398.161
200.00	1	0	0.000	23	-12	1	0.846879	0.003058	0.6300	0.619256	0.0134	3.62	14.46	3.68	-0.169	-0.112	0.259	-0.391	2130.337	5.8084e-10	-12.12	-44.37	-92.98	4.9e+02	-12.47	-43.56	561.01	-67	1.7547	-2.2531	0.1464	2.3426	1991d-TPF-UFCM_20200508-int0.txt	1991d-TPF-UFCM_20200508-fld0.txt	1375.731
200.00	2	0	0.000	23	-12	1	0.846288	0.003581	0.5667	0.603153	0.0133	3.95	13.48	3.99	-0.186	-0.124	0.255	-0.437	2184.145	5.6632e-10	-13.10	-48.55	-86.10	5e+02	-14.23	-41.76	561.68	-64	2.0474	-2.4234	0.0510	2.5151	1991d-TPF-UFCM_20200508-int0.txt	1991d-TPF-UFCM_20200508-fld0.txt	1300.075
200.00	3	0	0.000	23	-12	1	0.845696	0.004742	0.4560	0.573297	0.0140	4.87	10.68	-11.20	-0.201	-0.098	0.254	-0.351	2280.490	5.4261e-10	-10.46	-44.69	-84.80	4.8e+02	-16.16	-34.03	575.17	-1.7e+02	1.6495	-1.9309	0.3271	2.3251	1991d-TPF-UFCM_20200508-int0.txt	1991d-TPF-UFCM_20200508-fld0.txt	1176.688
200.00	4	0	0.000	23	-12	1	0.845087	0.006811	0.3304	0.529277	0.0137	5.33	8.99	-5.91	-0.218	-0.101	0.254	-0.424	2415.330	5.1206e-10	-10.61	-44.79	-86.62	4.9e+02	-18.09	-32.49	579.26	-1.7e+02	2.0024	-2.1831	0.1024	2.6453	1991d-TPF-UFCM_20200508-int0.txt	1991d-TPF-UFCM_20200508-fld0.txt	1017.574
200.00	5	0	0.000	23	-12	1	0.844462	0.009996	0.2286	0.480341	0.0145	5.66	6.69	0.40	-0.226	-0.089	0.250	-0.412	2592.694	4.7705e-10	-9.55	-41.30	-84.95	4.5e+02	-18.82	-38.69	567.10	-83	1.9432	-2.0544	0.1160	2.6626	1991d-TPF-UFCM_20200508-int0.txt	1991d-TPF-UFCM_20200508-fld0.txt	834.951
200.00	6	0	0.000	23	-12	1	0.849304	0.014352	0.1633	0.413571	0.0144	5.50	2.92	-8.32	-0.232	-0.098	0.255	-0.393	2810.696	4.4022e-10	-10.12	-39.10	-75.96	4.6e+02	-19.38	-30.91	575.03	-1.7e+02	1.9060	-2.0082	0.2519	2.5844	1991d-TPF-UFCM_20200508-int0.txt	1991d-TPF-UFCM_20200508-fld0.txt	642.859
200.00	7	0	0.000	23	-12	1	0.848587	0.020754	0.1201	0.341643	0.0152	5.60	0.30	-3.47	-0.237	-0.090	0.251	-0.421	3054.202	4.0501e-10	-9.52	-39.21	-83.50	4.7e+02	-19.94	-35.30	579.65	-1.1e+02	2.0110	-2.0642	0.1172	2.7296	1991d-TPF-UFCM_20200508-int0.txt	1991d-TPF-UFCM_20200508-fld0.txt	458.947
200.00	8	0	0.000	23	-12	1	0.847764	0.030745	0.0912	0.265630	0.0182	5.91	-1.96	-1.46	-0.224	-0.072	0.252	-0.431	3303.204	3.7444e-10	-7.56	-38.58	-84.10	4.5e+02	-18.76	-30.16	580.27	-1.7e+02	1.9384	-2.0702	-0.0322	2.8093	1991d-TPF-UFCM_20200508-int0.txt	1991d-TPF-UFCM_20200508-fld0.txt	299.150
200.00	9	0	0.000	23	-12	1	0.846683	0.048010	0.0692	0.186794	0.0265	5.82	-3.29	-1.30	-0.200	-0.082	0.246	-0.411	3522.171	3.5109e-10	-8.65	-39.83	-83.52	4.9e+02	-16.22	-27.89	570.27	-2.1e+02	1.8415	-2.0876	0.0004	2.5973	1991d-TPF-UFCM_20200508-int0.txt	1991d-TPF-UFCM_20200508-fld0.txt	176.736
200.00	10	0	0.000	23	-12	1	0.855838	0.081606	0.0700	0.114965	0.0920	5.44	-0.10	10.69	-0.159	-0.086	0.243	-0.418	3668.234	3.3717e-10	-9.02	-34.54	-72.61	4.6e+02	-12.10	-35.31	564.17	-1.2e+02	1.7794	-2.2414	-0.1408	2.4783	1991d-TPF-UFCM_20200508-int0.txt	1991d-TPF-UFCM_20200508-fld0.txt	102.665
200.00	11	0	0.000	23	-12	1	0.852141	0.107392	0.0972	0.088646	0.1110	6.04	3.32	8.62	-0.097	-0.064	0.295	-0.418	3706.885	3.3363e-10	-6.77	-32.93	-79.03	4.6e+02	-5.95	-37.75	557.13	-1.3e+02	1.3522	-2.4847	-0.2631	2.5402	1991d-TPF-UFCM_20200508-int0.txt	1991d-TPF-UFCM_20200508-fld0.txt	84.024